image_width: 640
image_height: 480
camera_name: narrow_stereo
camera_matrix:
  rows: 3
  cols: 3
  data: [583.971933, 0, 316.436541, 0, 581.13299, 227.088073, 0, 0, 1]
distortion_model: plumb_bob
distortion_coefficients:
  rows: 1
  cols: 5
  data: [-0.085613, 0.176171, -0.007065, -0.004493, 0]
rectification_matrix:
  rows: 3
  cols: 3
  data: [1, 0, 0, 0, 1, 0, 0, 0, 1]
projection_matrix:
  rows: 3
  cols: 4
  data: [584.379272, 0, 313.494213, 0, 0, 580.982056, 223.798197, 0, 0, 0, 1, 0]