image_width: 640
image_height: 480
camera_name: narrow_stereo
camera_matrix:
  rows: 3
  cols: 3
  data: [520.583661, 0, 336.370323, 0, 518.714742, 286.259148, 0, 0, 1]
distortion_model: plumb_bob
distortion_coefficients:
  rows: 1
  cols: 5
  data: [0.129573, -0.189008, 0.000861, -0.005629, 0]
rectification_matrix:
  rows: 3
  cols: 3
  data: [1, 0, 0, 0, 1, 0, 0, 0, 1]
projection_matrix:
  rows: 3
  cols: 4
  data: [531.646729, 0, 332.750542, 0, 0, 531.023071, 286.252156, 0, 0, 0, 1, 0]
