image_width: 640
image_height: 480
camera_name: narrow_stereo
camera_matrix:
  rows: 3
  cols: 3
  data: [549.300335, 0, 289.653545, 0, 546.406641, 286.960352, 0, 0, 1]
distortion_model: plumb_bob
distortion_coefficients:
  rows: 1
  cols: 5
  data: [0.043703, -0.022967, 0.013498, -0.025825, 0]
rectification_matrix:
  rows: 3
  cols: 3
  data: [1, 0, 0, 0, 1, 0, 0, 0, 1]
projection_matrix:
  rows: 3
  cols: 4
  data: [554.821045, 0, 274.518889, 0, 0, 563.329224, 291.529814, 0, 0, 0, 1, 0]