image: navigation.pgm
resolution: 0.025000
origin: [-5.000000, -27.50, 0.000000]
negate: 0
occupied_thresh: 0.65
free_thresh: 0.196

