image_width: 640
image_height: 480
camera_name: narrow_stereo
camera_matrix:
  rows: 3
  cols: 3
  data: [574.239229, 0, 319.309734, 0, 573.347506, 245.425607, 0, 0, 1]
distortion_model: plumb_bob
distortion_coefficients:
  rows: 1
  cols: 5
  data: [-0.059061, 0.105087, -0.001919, -0.00094, 0]
rectification_matrix:
  rows: 3
  cols: 3
  data: [1, 0, 0, 0, 1, 0, 0, 0, 1]
projection_matrix:
  rows: 3
  cols: 4
  data: [572.273071, 0, 318.248702, 0, 0, 570.599304, 243.938044, 0, 0, 0, 1, 0]