image_width: 640
image_height: 480
camera_name: narrow_stereo
camera_matrix:
  rows: 3
  cols: 3
  data: [529.548186, 0, 325.134031, 0, 527.58057, 257.224453, 0, 0, 1]
distortion_model: plumb_bob
distortion_coefficients:
  rows: 1
  cols: 5
  data: [0.007889, -0.058017, 0.001664, 0.002808, 0]
rectification_matrix:
  rows: 3
  cols: 3
  data: [1, 0, 0, 0, 1, 0, 0, 0, 1]
projection_matrix:
  rows: 3
  cols: 4
  data: [525.967529, 0, 326.462874, 0, 0, 526.023376, 257.384859, 0, 0, 0, 1, 0]